 0\ 0| 0\ 0|16\ 0| 4\ 0| 0\ 0| 6\ 0| 4\ 0|15\ 0| 0\ 0| 0\ 0| 6\ 0| 7\ 0
 0\ 0| 7\ 7|  0  |  0  | 0\ 9|  0  |  0  |  0  | 0\ 0|16\ 4|  0  |  0  
 0\ 7|  0  |  0  |  0  | 5\ 7|  0  |  0  |  0  | 3\ 6|  0  |  0  |  0  
 0\ 3|  0  |  0  |16\ 4|  0  |  0  | 8\16|  0  |  0  |  0  |  0  |  0  
 0\10|  0  |  0  |  0  |  0  |15\10|  0  |  0  |  0  |  0  |15\ 0| 0\ 0
 0\ 0| 0\10|  0  |  0  | 3\ 6|  0  |  0  |  0  | 4\ 5|  0  |  0  | 7\ 0
 0\ 0| 6\ 0| 7\10|  0  |  0  |  0  |  0  | 7\12|  0  |  0  |  0  |  0  
 0\16|  0  |  0  |  0  |  0  |  0  | 3\ 4|  0  |  0  | 4\ 4|  0  |  0  
 0\ 7|  0  |  0  |  0  | 0\ 8|  0  |  0  |  0  | 0\ 6|  0  |  0  |  0  
 0\ 3|  0  |  0  | 0\ 0| 0\ 7|  0  |  0  |  0  | 0\ 3|  0  |  0  | 0\ 0
